$ANSIBLE_VAULT;1.1;AES256
31393065323366326337343563376338373438303561646362626234373132303835326632336637
3866666133646161333266656536633233333834306666300a383461623332613137613962313863
32383838373738356364323530626537623732643536633863383063373739393761313032616636
6232376632383832660a393236663532333966663634626263393763353833373336656534656136
34363464316535363561663533313766313532656134366337623661356235643936326561643865
63303365323736613865303262373538336133643166313130623538323734386133313930326662
33343635663438363966306235643066623830303764356639363536326564613663613866303763
64323936613435653139303037363462643234303434376434623965663663323365663635326162
30633739373363393730383561336535343039643163613232303939616434333462626265393666
66383166616238653735396130336639306361326662386533623863396561663739386634386665
34313834633464663361663439383237383261396263383135386334626232633435366339633062
65373864383830373638313730626238343963613837313030396233396633666333323863303236
65326431656162646362653434313938613439643238326231616636343338346539353030656465
39643535613835386536626337663261326363373238643330326165393266393732666364376235
35343766323231333061636439626136386233643138376139323037623966386135373964616464
61626234376337366131326663656431616461383766343661363939376135363330633936323262
66343236653064313835313030643536353461363432373233383562653230393135613163336133
36313964356239326437373866333431386235353635666665623333626537646237373130386561
62343761633562373637363634366262343338383263326538306138333233663638306365323233
35346638383133373039623962376431656438313330396139626666663361623839306561626330
64633130336239343032616261366432613934343235353533643630353333393739393334613030
39643039613866316362643363623634663438656539356335363031326533386431313666626632
36343937353139346562306633373039636465316564393334303363353263326265323764383432
31316266363930643737333361653262656232396239663532363163613562306639386562393434
31386236396236613562383831363231633165316364373863613031386365306636323266646561
33343261663562656165626461356663323030336133326263306363393365643430393864313638
38663565366639306663333565363361313661643235346138346662626638346130633266386532
39386130353562393335663833343038373439666133646531386336326161663763656232613937
32616136663334396365666433306366663337653239383461353233636561386135373264363939
35376664343237613665396663313235663561313939653662636335653931333862303163353437
63623466333834333765376432336638393032386237343062353062633832393865366637653338
64323733363362313238623665383634323736393433383536636364383738656133343639383834
63646233303062353036343639363031346630316566326566373534376637626132626363373965
64326461633566613636393564316564343466303464643734313433373233643534653264616534
31336432633934376136613339316131356462343564323536343132313438393532356234336634
64643138313834366563343461333537336134326437643165613431346538313365353362636634
61373964383738363034366434313234306662323134643734613162656335396665343433306562
61646564326663613737353935663761313464336565623265626661653263336166333161323337
65376263616130333135336164653037656361663931343534383331643135633062336134343632
63323337613634616232353666393066363132313631323963323535623837626664383030383863
61343633336538336237613334656661663839323235616331313932623932653263626363333235
39306332323864663938373430373466386663333030363766396663306661616434303161616266
65373435336530386231643238623262303033626364373838316238336662343862653230303166
66323165306638626466633033653736393437333933633738633164656638326663323961303138
36313134643761383766643461336635643537666333656664373038663534393761616534656234
37373465363966303831356565623136383137663237633566346236313537323837386666623132
61383861636537636564663464636230646439633031316262326138323736373739396535363161
32336138383433643632663130323334623466393831626432373535356663393732653361376264
34663331646338373062646364353430386130626338623566633062303863333065636333643637
32663664356339623465663562383632393033626361356132356264376439613035653337323834
32333464636339333931353232633662383430643838613936333737626437356332333661613064
38303432613661613135306132396537366265666131633634623831633963633235316130633430
33626434626134303266303035336131613239313364393739613466353065616366343933323930
32323663393932666263373332376563383562666439663738613839336137383333383532666235
65626164653766343331363038396136653364393262333564326334656238383136363339633837
64333936306361366166303863336133633731613465393336363130646337616131626430663561
64643061383830383837623465663738313430653261353933623532373335363763653964323035
64353534333766393137623638616138363566326232383232393735653535303764646135643639
61303739663738313231616436363561343066363561666463653336646232333166663937363930
33323161626131316363653035373266366239313435383166333864306464376533383735633738
30343061323730363134353264326235396536396231623131626664616438353337616366303937
35333265333232623938313630663135626335323135346439396561323964653731646563326337
38383032353130336565633565323665643765376464643262386233363363613630333235356335
36623966386361323532613735633663396565353535306231303866306665633361373130613730
36623435323734666664613332363537313937323031313861343739383436363737663862353332
37663161326334663930313539313535323533346461646466393865393536366564613836303035
30376230616536396232353838363363636134653065346161366137383938666139383138363739
35396237646662663838303139646233653765613538613764386332393335666632323164373433
39353761623064373532633130313962663634303864373236323931336331333337353534333365
33663534616635633433343431646165363630353630323063303236333137333934663535313038
34626139366161373535623933376135373063303733326438643232643566616666633762313063
30633962633939393633386337666561383863303164303962323932396532343662613732633764
63323062633239333332626461626231646231316563316433663437313461666363383835363832
37363338353833653239626261386463376639356238303633643539626331646165383466313463
33353733656334356466326336653030623263346135393039383764363963653365653031383534
64663234383134383632323232336164333265643339643264353765643331326465353332313030
30373335356133303163353962366535383162396134373166373731633461363264
